0.0 -0.25
2.0

1
0 0 0.2 250

5
-0.75 0.7 0.5
0.75 0.7 0.5
-0.75 0 0.75
0.75 0 0.75
0 -1 1

2
0 0.7 0.5 0.5 ENEMY_TYPE_1 28000 20000 20000 6000 3200 2800 1 2 7500 7 1 1000 2 10000 1 5000 1 5000 1 5000 2 10000 2 10000
0 1.4 0.5 0.5 ENEMY_TYPE_2 30000 21000 20000 4000 2200 1800 1 1 7500 5 2 1500 3 10000 1 7500 4 20000 4 10000

0

8
-0.01 -0.25 0.14
-0.01 0.05 0.1
0.0 1.8 0.1
-1.71 0.97 0.1
-1.8 -0.44 0.1
-0.13 -1.82 0.1
1.65 -0.81 0.1
1.64 1.06 0.1

7
2 1 3.4499999999999704
2 3 0.1
3 4 0.1
4 5 0.1
5 6 0.1
6 7 0.1
7 2 0.1

