1.1925000000000006 -1.620000000000001
4.5

2
0.8100000000000003 -0.9225000000000005 0.45 100
1.6939285714285715 -0.875357142857143 0.45 100

2
-0.5625 -1.6875 1.125
1.125 0.9 1.125

3
-0.84375 1.8 1.6875 1.6875 ENEMY_TYPE_2 28000 20000 15000 8000 4400 3600 1 1 5000 6 2 1000 2 10000 5 8000 2 4000 3 2000 3 2000
-3.1392857142857147 1.6178571428571427 0.9674999999999994 0.9674999999999994 ENEMY_TYPE_3 26000 5000 12000 2000 1000 700 1 1 1000000 3 1 12000 3 10000 5 7000
-0.5357142857142857 3.5892857142857144 0.9449999999999994 0.9449999999999994 ENEMY_TYPE_3 26000 5000 12000 2000 1300 1000 1 1 1000000 3 1 12000 5 10000 4 8000

2
0.3749999999999999 -0.3749999999999999 0.3642857142857142 0.09642857142857145 1.9178571428571427 -0.2571428571428571 1.9714285714285715 0.35357142857142854
-0.3642857142857142 -1.1035714285714284 -0.32142857142857134 -0.15 -0.11785714285714285 -1.4035714285714285 0.1392857142857143 -0.42857142857142855

9
0.0225 -0.54 0.225
-0.045 0.1125 0.225
-1.8 -0.8325 0.225
-1.6199999999999999 -3.1500000000000004 0.225
0.765 -2.8125 0.225
-1.125 1.7550000000000001 0.225
1.5074999999999998 3.0825000000000005 0.225
3.1725 0.33749999999999997 0.225
2.16 -1.1925000000000001 0.225

8
5 1 0.5625000000000001
1 2 0.7875000000000004
2 3 0.9450000000000006
3 4 0.9000000000000006
4 8 1.260000000000001
8 7 1.1025000000000007
7 6 1.0350000000000006
6 5 1.1700000000000008

