0.0 -0.4375
3.5

3
-0.4100000000000002 0.19000000000000003 0.35000000000000003 150
0.3333333333333333 0.17814814814814817 0.3299999999999994 150
-0.029999999999999916 -0.4580000000000001 0.38999999999999946 155

1
0.0 -1.75 1.75

2
-1.5574999999999999 1.9250000000000007 0.9975000000000002 0.9975000000000002 ENEMY_TYPE_1 37000 26000 30000 5000 2700 2500 1 2 10000 6 1 2500 3 5000 4 12500 3 10000 4 10000 5 8000
1.6100000000000005 1.9600000000000006 1.1200000000000003 1.1200000000000003 ENEMY_TYPE_1 36000 29000 30000 5000 2500 2000 1 1 5000 6 2 10000 1 5000 2 5000 2 10000 5 10000 5 10000

3
-0.7000000000000001 1.3125 0.7000000000000001 1.3125 -0.35000000000000003 0.525 0.35000000000000003 0.525
-1.4000000000000001 0.875 -1.05 0.7000000000000001 -0.7000000000000001 -0.35000000000000003 -0.5775 -0.2625
1.4000000000000001 0.875 1.05 0.7000000000000001 0.7000000000000001 -0.4375 0.5775 -0.2625

15
0.0 -0.45500000000000007 0.17500000000000002
-0.08750000000000001 0.07 0.17500000000000002
-1.4349999999999998 -1.26 0.17500000000000002
-1.3125 -2.765 0.17500000000000002
1.0675 -2.8875 0.17500000000000002
1.575 -1.3825 0.17500000000000002
-0.0175 -0.28 0.17500000000000002
0.5425 0.29750000000000004 0.17500000000000002
1.0150000000000001 1.1025 0.17500000000000002
-0.5425 0.38500000000000006 0.17500000000000002
-1.0325 1.1724999999999999 0.17500000000000002
2.2925000000000004 1.1375 0.17500000000000002
-2.24 1.085 0.17500000000000002
-0.7525 2.2575000000000003 0.17500000000000002
0.6825000000000001 2.3625000000000003 0.17500000000000002

17
10 9 0.17500000000000002
9 1 0.17500000000000002
1 7 0.17500000000000002
7 8 0.17500000000000002
5 4 0.17500000000000002
4 3 0.17500000000000002
3 2 0.17500000000000002
2 6 0.17500000000000002
6 5 0.17500000000000002
1 6 0.17500000000000002
10 12 0.17500000000000002
12 2 0.17500000000000002
11 5 0.17500000000000002
11 8 0.17500000000000002
10 13 0.17500000000000002
13 14 0.17500000000000002
14 8 0.17500000000000002

