0.0 -0.3125
2.5

2
0.3201785714285715 -0.5178571428571429 0.25 115
-0.30053571428571424 -0.4955357142857143 0.20999999999999996 115

4
-0.10999999999999999 -1.7525000000000002 1.25
-1.1961363636363633 1.450909090909091 1.0499999999999998
0.021363636363635703 0.08227272727272623 0.5699999999999994
1.5882248520710058 1.2366863905325445 0.5699999999999994

2
-0.08249999999999987 1.6500000000000004 0.625 0.625 ENEMY_TYPE_1 42000 30000 42000 4000 2100 1500 2 1 2000 1 10000 3 1 3000 1 5000 4 20000
0.7687421383647799 1.630062893081761 0.625 0.625 ENEMY_TYPE_2 40000 28000 40000 4000 2500 2000 2 1 7000 1 10000 4 2 4000 3 10000 3 10000 1 5000

3
-0.875 0.5 0.875 0.5 -0.625 0.375 0.625 0.375
-0.875 0.5 -0.625 0.375 -0.75 -0.75 -0.625 -0.75
0.875 0.5 0.625 0.375 0.75 -0.75 0.625 -0.75

10
-0.018518518518518517 -0.2345679012345679 0.125
0.32098765432098764 -0.5308641975308642 0.125
-0.32098765432098764 -0.49382716049382713 0.125
-0.6358024691358025 -1.0308641975308641 0.125
-1.694444444444444 -0.3758024691358023 0.5950000000000004
1.6783916083916084 -0.3986713286713287 0.6750000000000005
0.6083216783216783 -1.1509790209790212 0.16500000000000004
1.1987412587412587 0.7513286713286714 0.135
-1.013986013986014 0.7662237762237762 0.08500000000000002
0.06993006993006994 0.960979020979021 0.27500000000000013

11
8 9 1.0250000000000008
9 7 1.0750000000000008
7 5 1.135000000000001
5 6 1.0250000000000008
6 1 0.7050000000000005
1 2 0.6550000000000005
2 3 0.8650000000000007
3 1 0.8550000000000006
2 6 0.6150000000000004
3 4 0.6050000000000004
4 8 1.295000000000001

