0.0 1.25
5.0

2
-0.4166666666666667 1.9999999999999996 0.33333333333333326 300
0.4166666666666667 1.9999999999999996 0.33333333333333326 300

4
-0.9999999999999998 0.4 0.6666666666666665
-0.33333333333333326 0.4 0.6666666666666665
0.33333333333333326 0.4 0.6666666666666665
0.9999999999999998 0.4 0.6666666666666665

2
-2.0416666666666665 -2.333333333333333 1.25 1.25 ENEMY_TYPE_2 30000 50000 40000 1200 800 700 1 1 10000 6 1 1 2 10000 3 25000  2 10000 2 10000 2 10000
2.0416666666666665 -2.333333333333333 1.25 1.25 ENEMY_TYPE_2 30000 50000 40000 12000 800 700 1 1 10000 6 1 5000 2 5000 3 14000 2 21000 2 10000 1 10000

10
0.666666666666665 -0.9999999999999998 1.6666666666666667 0.33333333333333326 1.5 -0.9999999999999998 1.9999999999999996 0.4999999999999999
1.6666666666666667 0.33333333333333326 1.333333333333333 1.4999999999999993 1.9999999999999996 0.4999999999999999 1.6666666666666667 1.416666666666667
2.833333333333334 -0.9166666666666667 3.3333333333333335 0.8333333333333334 3.166666666666666 -0.6666666666666665 3.75 0.8333333333333334
3.3333333333333335 0.8333333333333334 2.166666666666667 2.833333333333334 3.75 0.8333333333333334 2.5 3.083333333333333
2.166666666666667 2.833333333333334 0.33333333333333326 2.666666666666666 2.5 3.083333333333333 0.4999999999999999 2.833333333333334
-0.666666666666665 -0.9999999999999998 -1.6666666666666667 0.33333333333333326 -1.5 -0.9999999999999998 -1.9999999999999996 0.4999999999999999
-1.6666666666666667 0.33333333333333326 -1.333333333333333 1.4999999999999993 -1.9999999999999996 0.4999999999999999 -1.6666666666666667 1.416666666666667
-2.833333333333334 -0.9166666666666667 -3.3333333333333335 0.8333333333333334 -3.166666666666666 -0.6666666666666665 -3.75 0.8333333333333334
-3.3333333333333335 0.8333333333333334 -2.166666666666667 2.833333333333334 -3.75 0.8333333333333334 -2.5 3.083333333333333
-2.166666666666667 2.833333333333334 -0.33333333333333326 2.666666666666666 -2.5 3.083333333333333 -0.4999999999999999 2.833333333333334

19
-0.016666666666666673 1.2833333333333334 0.3333333333333333
-0.4333333333333333 2.0500000000000003 0.31666666666666676
0.4166666666666667 1.9999999999999996 0.3333333333333333
-2.1833333333333336 -0.9666666666666665 0.41666666666666685
-2.4499999999999997 -0.05 0.41666666666666685
-2.5999999999999996 1.0 0.2666666666666667
-2.2999999999999994 1.566666666666667 0.3833333333333335
-1.6333333333333326 2.166666666666667 0.45000000000000023
-1.0333333333333337 2.0666666666666673 0.16666666666666663
1.1 2.1499999999999995 0.16666666666666663
1.8333333333333335 2.166666666666667 0.4833333333333336
2.316666666666667 1.3499999999999996 0.45000000000000023
2.666666666666666 0.6833333333333332 0.2833333333333333
2.5333333333333337 -0.016666666666666663 0.3833333333333335
2.2999999999999994 -0.6666666666666665 0.33333333333333326
2.033333333333334 -2.3000000000000007 0.6166666666666671
-2.0666666666666673 -2.3000000000000007 0.6166666666666671
-0.6833333333333332 1.1333333333333335 0.456666666666667
0.6833333333333332 1.2000000000000002 0.5133333333333336

23
4 3 1.2766666666666677
4 5 1.233333333333334
5 6 1.3466666666666673
6 7 1.283333333333334
7 8 1.1800000000000006
8 1 0.7833333333333337
8 2 1.433333333333334
1 2 1.7166666666666677
1 9 1.0666666666666673
2 9 0.8166666666666673
8 18 0.916666666666667
17 9 1.733333333333334
17 1 0.7900000000000005
17 2 0.7000000000000004
18 1 0.8500000000000006
9 10 1.0466666666666673
10 11 0.8266666666666672
11 12 0.9266666666666673
12 13 1.1666666666666674
13 14 1.1366666666666674
16 15 1.876666666666668
16 3 1.4966666666666677
14 15 1.2966666666666675

