0.0 -0.5
4.0

3
-0.2 -0.18 0.2 7500
0 0.17 0.2 7500
0.2 -0.18 0.2 7500

8
-0.71 -0.08 0.25 0.1
0.71 -0.08 0.25 0.1
-0.43 0.33 0.25 0.1
0.43 0.33 0.25 0.1
-1.34 -1.35 0.4 0.1
1.34 -1.35 0.4 0.1
-0.8 -1.82 0.4 0.1
0.8 -1.82 0.4 0.1

6
-2.42 -2.29 0.5 0.5 ENEMY_TYPE_1 3000 60000 50
-1.75 -2.93 0.5 0.5 ENEMY_TYPE_1 3000 60000 1
1.1 0.3 0.75 0.75 ENEMY_TYPE_2 4500 60000 75
1.92 -2.29 0.5 0.5 ENEMY_TYPE_1 3000 60000 75
-1.85 0.3 0.75 0.75 ENEMY_TYPE_2 4500 60000 75
1.25 -2.93 0.5 0.5 ENEMY_TYPE_1 3000 60000 1

8
-1.5 -0.2 0 1.5 -1.1 -0.2 0 1.1
1.5 -0.2 0 1.5 1.1 -0.2 0 1.1
-1.5 -0.2 -1.1 -0.2 -0.3 -1 -0.3 -0.7
1.5 -0.2 1.1 -0.2 0.3 -1 0.3 -0.7
-3.3 0 0 -3.9 -2.9 0 0 -3.1
3.3 0 0 -3.9 2.9 0 0 -3.1
-3.3 0 -2.9 0 -0.6 3.4 -0.6 2.9
3.3 0 2.9 0 0.6 3.4 0.6 2.9

0

0

