0 -0.25
2.5

1
0 0 0.2 150

6
-2.2 0 0.6 0.6
-1.05 1.85 0.75 0.75
1.05 1.85 0.75 0.75
2.2 0 0.6 0.6
-1.05 -1.85 0.75 0.75
1.05 -1.85 0.75 0.75

6
-0.365 -2.25 0.75 0.75 ENEMY_TYPE_2 6000 1
-0.375 1.5 0.75 0.75 ENEMY_TYPE_2 6000 1
1.3 0.8 0.5 0.5 ENEMY_TYPE_1 4500 1
-1.8 0.8 0.5 0.5 ENEMY_TYPE_1 4500 1
1.3 -1.3 0.5 0.5 ENEMY_TYPE_1 4500 1
-1.8 -1.3 0.5 0.5 ENEMY_TYPE_1 4500 1


12
-0.95 0.5 -0.8 0.6 -0.5 0.2 -0.4 0.3
-0.95 0.5 -1.05 1.47 -0.8 0.6 -0.9 1.45 
0.95 -0.5 0.8 -0.6 0.5 -0.2 0.4 -0.3
0.95 -0.5 1.05 -1.47 0.8 -0.6 0.9 -1.45 
-0.05 1.07 0.12 1 -0.075 0.5 0.06 0.5
-0.05 1.07 0.75 1.64 0.12 1 0.8 1.5
0.05 -1.07 -0.12 -1 0.075 -0.5 -0.06 -0.5
0.05 -1.07 -0.75 -1.64 -0.12 -1 -0.8 -1.5
0.91 0.57 0.91 0.39 0.42 0.33 0.46 0.19
0.91 0.57 1.80 0.17 0.92 0.39 1.70 0.05
-0.91 -0.57 -0.91 -0.39 -0.42 -0.33 -0.46 -0.19
-0.91 -0.57 -1.80 -0.17 -0.92 -0.39 -1.70 -0.05
TODO maybe scale this up to 3.0 radius to make it harder