0.0 -1.0
6.0

3
-0.4 -0.36000000000000004 0.3100000000000001 500
0.0 0.34 0.31999999999999995 500
0.4 -0.36000000000000004 0.29999999999999993 500

4
4.8 0.0 1.8
-4.8 -0.2 2.2
-2.7999999999999994 2.2 2.7999999999999994
2.7999999999999994 2.2 2.7999999999999994

4
-1.36 5.119999999999987 1.0 1.0 ENEMY_TYPE_1 40000 36000 30000 2500 1400 1200 2 1 5000 1 20000 5 1 1 2 18000 2 12000 3 12000 1 4000
0.9800000000000005 4.95999999999998 1.5 1.5 ENEMY_TYPE_2 35000 42000 30000 2000 1100 900 2 1 5000 1 20000 4 1 1 3 12000 5 20000 1 5000
1.2200000000000006 -5.120000000000008 1.0 1.0 ENEMY_TYPE_1 42000 35000 30000 2500 1250 1000 1 1 20000 4 1 10000 1 20000 3 12000 2 10000
-1.3199999999999996 -4.880000000000013 1.5 1.5 ENEMY_TYPE_2 36000 41000 30000 2000 1200 1000 1 1 20000 4 1 12000 2 20000 7 12500 1 5000

4
-2.0600000000000005 -1.1400000000000001 -0.5 2.0 -1.7000000000000002 -1.0 -0.5 1.5
2.0600000000000005 -1.1400000000000001 0.5 2.0 1.7000000000000002 -1.0 0.5 1.5
-1.52 -1.8400000000000003 -1.3999999999999997 -1.6200000000000003 1.52 -1.8400000000000003 1.3999999999999997 -1.6200000000000003
-5.0 -2.34 -4.28 -2.0 -2.68 -4.5600000000000005 -3.08 -3.58

14
0.0 -1.02 0.2
-0.4600000000000001 -0.28 0.2
-0.060000000000000005 0.52 0.2
0.31999999999999995 -0.26 0.2
-0.07999999999999999 2.5599999999999996 0.2
-2.26 -1.7000000000000002 0.2
2.34 -1.7200000000000002 0.2
-1.2 -3.38 0.2
1.0 -3.4000000000000004 0.2
3.8 -3.3400000000000003 0.2
-1.2 3.76 0.2
0.6999999999999998 3.6 0.2
3.02 0.18000000000000002 0.2
-2.9800000000000004 0.0 0.2

16
10 4 2.620000000000002
4 11 1.9600000000000015
11 10 1.400000000000001
4 2 0.2
2 1 1.680000000000001
1 3 1.3600000000000012
3 2 1.4200000000000013
3 6 1.5200000000000011
6 12 1.1400000000000008
12 9 0.46000000000000024
9 6 0.3600000000000001
6 8 0.3600000000000001
8 7 0.34000000000000014
7 5 0.34000000000000014
5 1 0.32000000000000006
5 13 1.0800000000000007

