0.0 -1.0
2.5

2
0 -1.5 0.2 500
0 -1.9400000000000002 0.2 500

1
0 -0.7 0.6

4
-0.5 1.4 0.5 0.5 ENEMY_TYPE_2 40000 63400 30000 3800 2000 1350 1 1 25000 4 1 1 1 15000 4 14000 2 15000
-0.5 0.7 0.5 0.5 ENEMY_TYPE_1 60000 70000 42000 5000 2600 1800 1 1 20000 5 1 1 2 13000 3 12000 4 12000 4 10000
0.5 1.4 0.5 0.5 ENEMY_TYPE_2 45000 60000 30000 3800 1900 1000 1 1 25000 4 1 15000 2 18000 3 15000 4 15000
0.5 0.7 0.5 0.5 ENEMY_TYPE_1 62000 72000 28000 5000 2400 1500 1 1 20000 5 1 15000 4 13000 4 10000 4 13000 3 7500

3
-0.12 -0.2 0 2.1 0 -0.28 0.12 -0.2
-0.12 -0.2 0 -0.28 -1.76 -0.93 -1.69 -1.08
0.12 -0.2 0 -0.28 1.76 -0.93 1.69 -1.08

14
-0.02 -1.0 0.19000000000000006
0.010000000000000004 -1.51 0.22000000000000008
-0.01000000000000042 -1.939999999999994 0.19000000000000006
-0.00577182638209941 2.3299019632552667 0.16000000000000003
-0.56 2.0900000000000074 0.31000000000000016
-1.3200000000000003 0.5400000000000003 1.0700000000000007
1.25 0.5200000000000002 1.0500000000000007
2.080000000000004 -0.84 0.2300000000000001
1.5699999999999998 -1.5599999999999998 0.27000000000000013
0.62 -0.89 0.28000000000000014
-0.6 -0.89 0.2500000000000001
-1.74 -1.45 0.2300000000000001
-2.2100000000000044 -0.6700000000000002 0.21000000000000008
0.5951515151515152 2.0 0.19000000000000006

20
4 3 1.1000000000000008
8 7 2.209999999999997
8 9 0.7400000000000005
9 1 0.31000000000000016
1 10 0.18000000000000005
10 11 0.7000000000000005
11 12 1.9100000000000015
12 5 1.5400000000000011
5 4 3.509999999999969
12 4 4.959999999999939
6 7 3.1599999999999766
11 1 0.1
1 8 0.1
3 13 3.5999999999999672
13 7 3.5999999999999672
11 2 2.7399999999999856
1 2 2.259999999999996
10 2 1.9800000000000013
2 8 2.109999999999999
9 2 2.06

