0.0 -0.25
2.0

1
0 0 0.2 50

2
-0.75 1.25 0.3
1.5 -0.75 0.3

1
0.95 0.7 0.5 0.5 ENEMY_TYPE_1 10000 10000 10000 600 400 200 1 1 5000 1 1 5000

1
-0.25 1.25 1.5 -0.25 0.25 0.5 0.5 0.25

14
0.0 -0.26 0.1
-0.01 0.04 0.1
-1.1 0.76 0.1
-1.15 1.6 0.1
-0.25 1.72 0.1
-0.4 0.76 0.1
1.46 -0.39 0.1
-0.44 1.24 0.1
0.99 -0.73 0.1
1.54 -1.24 0.1
1.83 -0.86 0.1
1.82 0.1 0.1
1.26 0.66 0.1
0.61 1.27 0.1

16
13 12 0.1
13 4 0.1
12 11 0.1
11 6 0.1
11 10 0.1
6 8 0.1
8 9 0.1
8 1 0.1
6 1 0.1
1 5 0.1
1 7 0.1
7 5 0.1
5 2 0.1
2 3 0.1
3 4 0.1
4 7 0.1

