0.0 -1.75
3.5

3
-0.3700000000000001 -1.37 0.28 100
0.28 -1.4300000000000002 0.28 103
-0.07132231404958678 -1.8599173553719008 0.28 100

4
-1.4000000000000001 -0.35000000000000003 0.98
-2.1 0.35000000000000003 0.98
1.4000000000000001 -0.35000000000000003 0.98
2.1 0.35000000000000003 0.98

3
0.8400000000000002 1.9700000000000022 0.7000000000000001 0.7000000000000001 ENEMY_TYPE_1 28000 20000 25000 5000 2400 1800 1 1 10000 8 1 1000 2 6000 2 8000 3 12000 1 5000 1 5000 1 5000 5 14000
-1.0799999999999998 1.9400000000000022 0.7000000000000001 0.7000000000000001 ENEMY_TYPE_1 28000 20000 25000 5000 2600 2000 1 1 5000 8 1 5000 2 6000 2 4000 1 12000 2 4000 2 10000 2 10000 5 14000
-0.1549999999999997 1.96 0.98 0.98 ENEMY_TYPE_2 34000 22000 27000 5000 2500 2100 1 1 15000 6 1 5000 1 7000 3 4000 2 7000 1 7000 3 5000

3
-0.9100000000000001 0.84 -0.9100000000000001 1.05 0.9100000000000001 0.84 0.9100000000000001 1.05
-0.9100000000000001 0.84 -2.1 1.6099999999999999 -0.9100000000000001 1.05 -1.8200000000000003 1.75
0.9100000000000001 0.84 2.1 1.6099999999999999 0.9100000000000001 1.05 1.8200000000000003 1.75

13
-0.042 -1.75 0.14
-0.37800000000000006 -1.4000000000000001 0.14
0.28 -1.4140000000000001 0.14
-1.974 -1.372 0.14
-3.2479999999999998 -0.336 0.14
-3.045417689168066 1.2876485288045583 0.14
-1.8900000000000003 2.688 0.14
-0.07 1.5540000000000003 0.14
2.072 2.4920000000000004 0.14
2.8780000000000054 1.4140000000000001 0.14
2.8840000000000003 -0.39200000000000007 0.14
1.4840000000000002 -1.5120000000000002 0.14
-0.07 0.23800000000000004 0.14

14
6 7 1.9400000000000015
7 8 1.6700000000000013
8 6 2.849999999999983
6 5 1.8900000000000015
5 4 1.480000000000001
4 3 1.8300000000000014
3 1 1.8500000000000014
1 2 1.6000000000000012
2 11 1.450000000000001
11 10 1.380000000000001
10 9 1.5900000000000012
9 8 1.8200000000000014
12 1 1.7700000000000014
12 2 1.500000000000001

