0.0 -0.5
3.0

3
-0.2 -0.18 0.2 75
0 0.17 0.2 75
0.2 -0.18 0.2 75

3
-1 0 0.7
1 0 0.7
0 -1 0.25

3
-0.25 1 0.5 0.5 ENEMY_TYPE_1 10000 10000 10000 600 400 200 1 1 5000 1 1 5000
-0.375 -2 0.75 0.75 ENEMY_TYPE_2 10000 10000 10000 600 400 200 1 1 5000 1 1 5000
-0.25 -2.75 0.5 0.5 ENEMY_TYPE_1 10000 10000 10000 600 400 200 1 1 5000 1 1 5000

6
-0.6 0.6 -1.2 2 -0.4 0.75 -1 1.9
0.6 0.6 1.2 2 0.4 0.75 1 1.9
-0.6 -0.6 -1.2 -1.2 -0.4 -0.75 -1 -1.4
0.6 -0.6 1.2 -1.2 0.4 -0.75 1 -1.4
-1.2 -1.2 -1.9 -1.35 -1 -1.4 -2 -1.5
1.2 -1.2 1.9 -1.35 1 -1.4 2 -1.5

29
-0.01 -0.44 0.1
-0.25 -0.14 0.1
-0.07 0.25 0.1
0.21 -0.12 0.1
0.01 0.66 0.1
-0.53 2.09 0.1
-1.55 2.55 0.1
-1.92 1.81 0.1
-1.43 0.58 0.1
0.59 2.07 0.1
1.63 2.51 0.1
1.73 1.7 0.1
1.26 0.6 0.1
1.78 0.06 0.1
1.27 -0.65 0.1
2.5 -1.62 0.1
1.63 -1.97 0.1
0.79 -1.69 0.1
-0.58 -1.6 0.1
-1.45 -1.87 0.1
-2.51 -1.6 0.1
2.22 -0.92 0.1
-2.27 -0.9 0.1
-1.28 -0.63 0.1
-1.9 -0.05 0.1
-0.01 -0.72 0.1
-0.73 0.43 0.1
0.55 0.45 0.1
0.7 -0.46 0.1

39
5 6  0.1
6 7 0.1
7 8 0.1
8 24 0.1
24 23 0.1
23 22 0.1
22 20 0.1
20 19 0.1
19 18 0.1
18 25 0.1
25 17 0.1
17 16 0.1
16 15 0.1
15 21 0.1
21 14 0.1
14 13 0.1
13 12 0.1
12 11 0.1
11 10 0.1
10 9 0.1
5 9 0.1
5 4 0.1
4 9 0.1
2 4 0.1
4 3 0.1
4 1 0.1
1 2 0.1
2 3 0.1
3 1 0.1
25 1 0.1
25 3 0.1
25 2 0.1
23 1 0.1
8 26 0.1
26 1 0.1
27 12 0.1
14 28 0.1
28 3 0.1
3 27 0.1

