0.0 0.0
2.0

1
0 0.5 0.2 75

2
-0.5 0.75 0.5
0.75 0.25 0.5

2
-0.4 -1 0.75 0.75 ENEMY_TYPE_2 10000 10000 10000 600 400 200 1 1 5000 1 1 5000
-0.3 -1.9 0.5 0.5 ENEMY_TYPE_1 10000 10000 10000 600 400 200 1 1 5000 1 1 5000

3
0.3 0.1 0.45 0.1 0.8 -1 1 -1.2
-0.3 0 -0.45 0.05 -0.8 -1 -1 -1.2
-0.9 -1.1 0.9 -1.05 -0.4 -1.2 0.4 -1.3

13
0.0 0.03 0.1
-0.02 0.53 0.1
-0.12 1.27 0.1
-0.73 1.36 0.1
-1.17 0.89 0.1
-0.97 0.25 0.1
-1.3793103448275863 -1.4584874657313696 0.1
1.4238665580184795 -1.4270146824646601 0.1
1.48 -0.44 0.1
1.36 0.39 0.1
0.73 0.92 0.1
-0.47 0.28 0.1
-0.07 -0.75 0.1

14
11 1  0.1
1 2 0.1
2 3 0.1
3 4 0.1
4 5 0.1
5 11 0.1
5 6 0.1
6 7 0.1
7 8 0.1
8 9 0.1
9 10 0.1
10 1 0.1
2 10 0.1
1 12 0.1

