0.0 -0.5
2.0

1
0 0 0.2 3000000

4
-0.71 -0.08 0.25
0.71 -0.08 0.25
-0.43 0.33 0.25
0.43 0.33 0.25


1
-0.25 -1.5 0.5 0.5 ENEMY_TYPE_1 5500 6001 5000 1000 500 30 2 1 1 1 220000 1 1 100000

4
-1.5 -0.2 0 1.5 -1.1 -0.2 0 1.1
1.5 -0.2 0 1.5 1.1 -0.2 0 1.1
-1.5 -0.2 -1.1 -0.2 -0.3 -1 -0.3 -0.7
1.5 -0.2 1.1 -0.2 0.3 -1 0.3 -0.7


22
-0.04 -0.47
-0.25 -0.18
-0.05 0.22
0.17 -0.14
-0.02 -1.66
-0.02 -2.57
-0.78 -1.13
-2.0 -0.4
-2.15 0.11
-0.02 2.3
2.21 0.2
2.05 -0.41
1.25 -0.77
-0.09 3.82
-1.15 3.81
1.24 3.77
2.74 1.61
-3.01 1.71
-3.99 0.06
3.98 -0.01
2.58 -1.85
-2.88 -1.92

24
1 2 0.03
2 3 0.03
1 3 0.03
1 0 0.03
3 0 0.03
0 4 0.07
4 5 0.07
4 12 0.10999999999999999
6 4 0.08
12 11 0.060000000000000005
10 11 0.07
7 6 0.09
7 8 0.08
10 9 0.22000000000000006
8 9 0.22000000000000006
9 13 0.07
13 15 0.07
13 14 0.07
14 17 0.19000000000000003
15 16 0.19000000000000003
16 19 0.10999999999999999
17 18 0.10999999999999999
21 18 0.16
20 19 0.1

