0.25 0.0
2.5

2
0 0.2 0.2 75
0 -0.2 0.2 75

5
0.7 0 0.5
-0.7 0 0.5
-1.6 1 1
1.6 1 1
0 0.9 0.8

2
-0.25 -2 0.5 0.5 ENEMY_TYPE_1 10000 10000 10000 600 400 200 1 1 5000 1 1 5000
-0.375 1.5 0.75 0.75 ENEMY_TYPE_2 10000 10000 10000 600 400 200 1 1 5000 1 1 5000

6
-0.6 -0.9 -0.45 -1 0.3 -0.6 0.4 -0.8
-1.5 -0.9 -1.35 -1 -0.8 -0.5 -0.7 -0.7
-2 -0.9 -1.95 -0.25 -1.85 -0.95 -1.72 -0.3
1.5 -0.5 1.35 -0.7 0.8 -0.8 0.7 -1
2 -0.9 1.95 -0.25 1.85 -0.95 1.72 -0.3
-0.5 -1.4 -0.45 -1.3 0.5 -1.4 0.45 -1.3

15
0.26 0.0
-0.04 -0.16
-0.06 0.19
-0.77 1.81
-0.74 0.6
0.76 1.9
0.75 0.62
1.46 0.05
0.65 -0.53
0.46 -1.0
0.85 -1.43
-0.91 -1.18
-0.82 -1.86
0.99 -1.81
-1.59 0.05

15
5 6  0.1
6 7 0.1
7 8 0.1
8 9 0.1
9 10 0.1
10 13 0.1
13 12 0.1
12 11 0.1
14 4 0.1
4 3 0.1
3 5 0.1
4 2 0.1
2 6 0.1
2 1 0.1
1 8 0.1

