0.0 -0.5
4.0

3
-0.2 -0.18 0.2 300
0 0.17 0.2 300
0.2 -0.18 0.2 300

8
-0.71 -0.08 0.25
0.71 -0.08 0.25
-0.43 0.33 0.25
0.43 0.33 0.25
-1.34 -1.35 0.4
1.34 -1.35 0.4
-0.8 -1.82 0.4
0.8 -1.82 0.4

6
-2.42 -2.29 0.5 0.5 ENEMY_TYPE_2 35000 23000 23000 500 300 205 1 1 7500 1 1 12000
-1.75 -2.93 0.5 0.5 ENEMY_TYPE_1 32000 45000 22000 300 180 130 1 1 14000 3 1 12000 3 8000 1 5000
1.10 0.3 0.75 0.75 ENEMY_TYPE_2 28000 42000 25000 400 225 180 2 1 7000 1 10000 2 1 8000 1 6000
-1.85 0.3 0.75 0.75 ENEMY_TYPE_2 25000 33000 22000 400 220 175 1 1 10000 2 1 4000 1 6000
1.92 -2.29 0.5 0.5 ENEMY_TYPE_2 23000 26000 20000 500 260 240 1 1 5500 1 1 10000
1.25 -2.93 0.5 0.5 ENEMY_TYPE_1 26000 34000 22000 300 175 125 2 1 6000 1 14000 3 1 12000 3 8000 1 5000

8
-1.5 -0.2 0 1.5 -1.1 -0.2 0 1.1
1.5 -0.2 0 1.5 1.1 -0.2 0 1.1
-1.5 -0.2 -1.1 -0.2 -0.3 -1 -0.3 -0.7
1.5 -0.2 1.1 -0.2 0.3 -1 0.3 -0.7
-3.3 0 0 -3.9 -2.9 0 0 -3.1
3.3 0 0 -3.9 2.9 0 0 -3.1
-3.3 0 -2.9 0 -0.6 3.4 -0.6 2.9
3.3 0 2.9 0 0.6 3.4 0.6 2.9

23
-0.04 -0.47
-0.25 -0.18
-0.05 0.22
0.17 -0.14
-0.02 -1.66
-0.02 -2.57
-0.78 -1.13
-2.0 -0.4
-2.15 0.11
-0.02 2.3
2.21 0.2
2.05 -0.41
1.25 -0.77
-0.09 3.82
-1.15 3.81
1.24 3.77
2.74 1.61
-3.01 1.71
-3.99 0.06
3.98 -0.01
2.58 -1.85
-2.88 -1.92
-0.07 -1.49

27
1 2 0.03
2 3 0.03
1 3 0.03
1 0 0.03
3 0 0.03
0 4 0.07
4 5 0.07
4 12 0.10999999999999999
6 4 0.08
12 11 0.060000000000000005
10 11 0.07
7 6 0.09
7 8 0.08
10 9 0.22000000000000006
8 9 0.22000000000000006
9 13 0.07
13 15 0.07
13 14 0.07
14 17 0.19000000000000003
15 16 0.19000000000000003
16 19 0.10999999999999999
17 18 0.10999999999999999
21 18 0.16
20 19 0.1
1 4 0.04
4 3 0.04
4 2 0.04

