0.1 0.0
2.0

1
0.4500000000000002 0.5000000000000001 0.2 50

0

1
-0.95 -0.7 0.5 0.5 ENEMY_TYPE_1 25000 20000 32000 2000 1200 800 2 2 5000 2 10000 5 4 1000 3 10000 2 5000 5 10000 3 10000

3
-0.5 -0.1 -0.25 0 -0.5 -0.5 -0.4 -0.1
-0.25 -0.35 0 -0.25 -0.25 -0.75 0.1 -0.6
-1 0.4 -0.75 0.5 -1.2 -0.1 -0.9 0.2

10
0.08 0.04 0.1
0.4700000000000002 0.5000000000000001 0.1
-1.72 -0.27 0.1
-1.52 0.79 0.1
-0.39 0.95 0.1
-0.66 0.1 0.1
-0.55 -1.2 0.1
0.72 -0.99 0.1
0.82 -0.06 0.1
-1.35 -0.79 0.1

13
4 3 0.1
3 2 0.1
2 6 0.1
2 9 0.1
9 6 0.1
9 5 0.1
5 4 0.1
4 1 0.1
1 5 0.1
1 8 0.1
1 7 0.1
7 8 0.1
7 6 0.1

