0.0 -0.25
2.0

2
-0.18000000000000002 -0.5900000000000003 0.2 250
0.2830927835051543 -0.5830927835051546 0.2099999999999993 250

2
-1 -0.4 1
1 0 0.7

2
-0.5399999999999998 0.9800000000000002 0.5 0.5 ENEMY_TYPE_2 30000 28000 44000 4000 2200 1800 1 2 10000 3 2 5000 2 10000 3 15000
0.45000000000000023 1.0200000000000002 0.5 0.5 ENEMY_TYPE_2 33000 26000 40000 4000 2200 1800 1 1 5000 3 2 5000 1 5000 2 10000

1
-0.1 0.9 0.05 1.5 0 0.5 0.1 0.8

14
0.0 -0.24 0.1
-0.18000000000000005 -0.6000000000000003 0.1
0.29000000000000087 -0.5800000000000006 0.1
-1.81 0.07 0.1
-1.8327228057449068 -0.8815829427985123 0.1
-0.75 -1.33 0.1
0.04 -0.82 0.1
1.59 -0.52 0.1
1.84 0.2 0.1
0.95 0.87 0.1
0.08431316591649488 1.9987356069175855 0.1
-0.99 1.73 0.1
-0.51 1.01 0.1
0.41 1.02 0.1

17
12 11 0.4800000000000003
11 10 0.4800000000000003
10 13 0.4800000000000003
13 9 0.4800000000000003
9 8 0.4800000000000003
8 7 0.4800000000000003
7 6 0.4800000000000003
2 7 0.4800000000000003
1 2 0.4800000000000003
1 6 0.4800000000000003
6 5 0.4800000000000003
5 4 0.4800000000000003
4 3 0.4800000000000003
3 11 0.4800000000000003
12 1 0.4800000000000003
12 2 0.4800000000000003
2 13 0.4800000000000003

